   1.0000000e+00   2.1791096e-01  -2.2221468e+00   1.7265392e-01  -1.3213661e+00   5.1925387e-02   6.0869219e-01   1.4559883e+00  -4.8365686e-01   4.8454515e-02  -1.1655997e+00
   2.0000000e+00  -1.6118390e+00   7.4980126e-01  -2.7701171e-01   4.7753921e-01  -5.8586235e-01  -3.0790922e-01   2.0296897e+00   1.4879080e+00  -1.2934295e+00   1.0113574e+00
   2.0000000e+00   7.8729889e-01  -2.0775163e+00   1.2923067e-02   8.5727363e-01   5.8199822e-01   1.8542546e+00  -6.3013904e-01   1.2076873e-01   3.3888485e-02  -1.2295738e+00
   2.0000000e+00  -5.6150599e-02  -9.7025611e-02  -6.8803086e-01   2.5188450e-01  -2.6683846e-01  -1.0502431e+00  -1.2188156e+00   5.3482997e-01  -1.1607478e+00  -2.8652304e-01
   2.0000000e+00   1.2195061e+00   1.2263804e+00  -7.2605255e-01   9.8560925e-01   7.9545636e-01  -1.1242582e+00   7.3061621e-01   2.8894131e-01   3.8857480e-01   3.7515418e-01
   2.0000000e+00   1.8888704e-01  -9.2225575e-01  -1.3200674e+00   9.3105643e-01  -2.7732326e-01   9.6897775e-01  -1.0038679e+00   6.6975727e-01   1.0675372e+00  -2.2056622e-01
   2.0000000e+00  -1.6431407e-01  -1.0509684e+00  -4.1220147e-01   1.1800534e+00  -3.6681226e-01   4.5356777e-01   2.3495980e-02   7.8635649e-01   5.9175757e-01  -6.5627350e-01
   2.0000000e+00   8.8379270e-01  -5.2034126e-01  -2.6466434e-01   1.4720081e+00  -8.2111734e-01  -1.5359596e+00   1.7172249e-01   7.2773617e-02  -1.3897768e+00   2.0036061e+00
   2.0000000e+00  -4.6443234e-01   1.3140729e+00   2.1214583e+00  -2.0315952e+00   3.1336098e-02  -1.0080220e-02  -5.6669850e-01   1.6412258e+00   2.1243648e+00   3.6283549e-01
   2.0000000e+00   1.7874749e-01  -9.0880015e-01   6.7855763e-01   4.0171640e-01  -2.7399679e-01   1.5589262e+00   6.0634509e-01  -6.0450329e-01   5.3912074e-01  -7.7490343e-01
   2.0000000e+00   1.7952300e+00  -8.1979843e-01   5.4220243e-01  -3.1432645e-01  -1.0876488e-01  -7.2556961e-01  -5.4730112e-01  -5.7239918e-01  -5.0134526e-02   1.3653699e+00
   2.0000000e+00   3.8245758e-01  -2.9315591e-01   5.6314976e-01  -6.2443769e-01  -1.2233227e-01  -1.3182600e+00   1.1279859e+00   1.0524397e+00   1.7325614e-02   8.0078219e-01
   2.0000000e+00  -1.0937273e+00  -1.8386785e+00   3.5136882e-01   3.3998644e-01  -1.3716337e+00  -8.6845383e-03   2.5327186e+00  -5.4266453e-01  -4.2413338e-01   1.9316680e+00
   2.0000000e+00   1.2479928e+00   1.0339753e-02   2.0629765e-01  -1.7912909e-01   8.1980219e-02  -2.4392616e-01   3.4290851e-01   1.9173024e+00  -6.3444716e-01   6.0010868e-02
   2.0000000e+00   4.5422618e-01  -2.7356906e-02   7.5860750e-01   6.6853252e-01   2.5060042e-01  -6.0243761e-01  -3.8828695e-01   1.3559237e-01   5.8605928e-01  -2.8092758e-01
   2.0000000e+00  -1.0758789e+00  -9.1100145e-01   9.0663660e-01   9.8648371e-02  -2.0500758e-01  -1.4935694e-01   2.5370207e+00   1.3060794e+00  -2.9985323e-01  -8.8429467e-01
   2.0000000e+00   1.9174691e-01   4.1473418e-02   3.2902589e-01  -1.5073596e+00  -2.5322651e-01  -3.0341329e-01   1.1988028e+00   7.3138330e-01   5.7554934e-01  -6.6360587e-01
   2.0000000e+00   4.6105582e-01  -6.3765330e-01   8.8470103e-01  -1.0589608e+00  -1.1159328e+00   4.6294379e-01   4.9915807e-01   2.0245249e+00  -1.0483220e+00   7.7476633e-01
   2.0000000e+00  -1.8898812e+00   8.0539292e-01   2.8679895e-02   1.0388741e+00  -7.0560891e-01   4.2223807e-01  -7.8813430e-01  -1.0293936e+00  -4.5566941e-02  -7.0445716e-01
   1.0000000e+00  -3.4762494e-01  -1.1198256e-01   1.5829182e+00   1.7805092e+00   6.0666894e-01   1.3923487e-01  -6.0687684e-01  -5.5015631e-01   5.2878194e-01  -8.2112404e-01
   2.0000000e+00  -3.3873624e-01  -1.2027832e+00  -1.8134372e+00   1.2185029e+00   7.1676189e-01   1.9879533e+00  -1.0896830e+00   1.5390656e+00  -1.6983326e+00  -7.0317152e-01
   2.0000000e+00  -1.9694515e+00  -6.3160303e-01  -1.5579220e+00  -3.0331880e-01   1.0613533e-01  -6.1742575e-01   9.3635359e-01   2.0700400e+00  -8.6150167e-01   1.6410516e+00
   2.0000000e+00   5.8492265e-01  -4.4518736e-01  -5.2387256e-01  -1.1693576e+00   3.3643981e-01  -5.6172939e-01   4.8232122e-01   2.0511690e+00  -1.5764062e+00  -1.9969821e+00
   2.0000000e+00  -1.4841048e+00   1.6475438e+00  -8.7984651e-01   4.9207769e-01  -6.9946669e-01   2.0419285e+00  -1.6727258e+00  -2.2163091e-01  -2.8700037e-01  -5.2748686e-01
   2.0000000e+00  -6.4322437e-01  -1.9073135e-01  -5.6345553e-01  -2.2371198e+00  -1.0089225e+00   8.3745059e-02  -3.2073639e-01  -1.8296257e+00   3.6722743e-01   9.8953915e-01
   2.0000000e+00  -9.8911767e-01  -1.0979117e+00  -1.1107898e-01  -4.2355916e-01   5.0374903e-01  -1.0762829e+00  -2.0248113e-01   2.7795264e-01  -1.0844224e+00   1.2272846e+00
   2.0000000e+00   3.3185721e-01   3.6948984e-01  -1.8480692e+00   4.8039534e-01  -6.8445888e-01  -3.5871676e-02   4.7946121e-02  -1.3867679e+00   1.0756700e+00   6.1908797e-01
   2.0000000e+00  -8.1578058e-01  -1.7018245e+00  -3.1231154e-01   1.3343901e-01  -1.0163848e+00   1.8999571e+00   3.3085320e-01   1.7688004e+00  -1.6134590e-01   6.6337812e-01
   2.0000000e+00   1.8770977e+00  -4.2325837e-01   6.3309720e-01   3.6661780e-01   4.1891547e-01   1.1387025e+00  -6.4304650e-01   2.8230300e-01   8.2217868e-01   2.9154295e-01
   2.0000000e+00   3.2490278e-01  -1.9267041e+00   1.7728327e+00  -6.4821288e-01   2.5123204e-01   9.7724004e-01   9.4762112e-01   7.0876478e-01   6.6266566e-01   2.3095927e+00
   1.0000000e+00   3.1173033e-01  -8.6756800e-01   4.1156807e-02  -1.0481848e+00   4.6016829e-01   5.9269600e-01   1.8740824e+00  -6.2975148e-01  -3.3634457e-01   5.2857595e-01
   2.0000000e+00  -1.0729330e+00   2.4210429e+00  -2.5655009e-01   3.3006764e-01   1.3324062e-01  -1.5095303e+00  -9.8559718e-01  -4.3816112e-01   2.5530874e-01  -1.0855783e+00
   1.0000000e+00  -1.0331432e+00  -3.0071996e-01  -1.9373277e+00  -1.5700809e+00  -7.8017774e-01   8.0892637e-02  -1.4046928e+00   4.5449576e-01  -1.0188544e+00   8.2990771e-01
   2.0000000e+00  -1.3512731e+00  -2.8300151e-01  -1.0919104e+00  -1.4501208e+00  -9.7425833e-01  -4.5001985e-01  -5.3648788e-01   8.0983546e-02  -1.1092403e+00  -3.4539801e-01
   2.0000000e+00   1.6646759e+00  -1.7381725e-01   1.0785103e+00   1.0106252e+00   3.0546039e-01   5.9455343e-01  -5.7477330e-01   2.1638743e+00   7.4010025e-01   1.8175921e+00
   2.0000000e+00   6.1224539e-01  -1.8732744e-01  -6.7455586e-01  -3.5256189e-01   1.2203090e+00   7.3947748e-01  -3.2336796e-01  -1.4859475e+00   7.7871360e-01  -1.8752272e+00
   2.0000000e+00  -5.9662175e-01   4.5493823e-01  -9.2396011e-01   1.0684043e+00   3.7503301e-01  -7.3363585e-01  -9.7991487e-01   1.0845700e+00  -1.4993097e-01   9.3489983e-03
   2.0000000e+00   7.8532120e-01  -2.0940233e+00   9.3988091e-01   8.2292082e-01  -9.5855993e-01   4.0483609e-01  -3.7134034e-01   1.3026613e+00  -2.0223596e-01   4.1323706e-01
   1.0000000e+00  -2.2495046e+00  -1.0334661e+00  -1.0398779e+00   2.6916924e-01  -1.3333815e+00   3.8268411e-01  -1.4126909e-01  -5.6400673e-01   4.3159798e-01  -1.7523388e-01
   2.0000000e+00  -8.3293136e-01  -5.5701795e-01  -3.5853590e-01  -3.5265520e-01  -5.7208374e-01   8.5109748e-02  -1.0853984e+00   9.4219867e-01   6.4180263e-01   1.9525298e-01
   2.0000000e+00  -2.0564158e+00   9.9222203e-01  -7.3183447e-01  -2.8600474e-01   8.5642730e-01   6.1671081e-01  -1.3975954e-01  -1.9712476e+00  -2.8717632e-01   1.0416858e+00
   2.0000000e+00   1.6623516e+00  -2.2231830e-01   5.4305549e-01  -7.2741569e-01  -9.8186649e-01  -1.6509487e+00   1.9129188e+00   8.9324268e-01   4.4821009e-01   1.1522479e+00
   2.0000000e+00  -8.9659479e-01   5.2111273e-01  -1.2628700e+00  -9.6978848e-01   2.5297720e-01  -7.2246757e-01   1.1221107e+00   2.2154533e-01   1.1552558e+00  -1.9355055e+00
   2.0000000e+00  -1.9895918e+00   1.3405387e+00  -4.9223263e-01  -1.5727094e+00  -9.3336593e-01  -8.6095886e-01   2.8761625e-01  -5.3677256e-01   1.8574814e+00   9.6877398e-01
   2.0000000e+00   1.3669531e+00   3.2281946e-03  -2.7435643e-01   5.5085474e-01   1.9913905e-01  -7.5217646e-02  -6.7750983e-01  -2.6567634e-02   4.1662090e-01  -1.9642879e+00
   2.0000000e+00  -1.2946437e+00  -7.8120286e-01   3.5606689e-01   2.7085341e-01   7.9616964e-01   2.0163132e+00  -3.3464250e-01   1.6570537e-01  -1.5684358e+00  -1.0974670e+00
   2.0000000e+00   4.0417493e-03  -1.0519801e-01   3.6463431e-01   2.3941720e-01  -1.6340182e-01   4.9714464e-01   5.3441605e-01  -1.3522970e+00  -2.9463008e-01   5.6319888e-01
   2.0000000e+00  -9.3305718e-01   3.7272548e-01  -1.0515716e+00  -2.1445371e+00   1.3191740e-01  -2.1381691e+00   3.0617686e-01   1.8458460e-01  -1.1478157e+00   4.3595311e-02
   1.0000000e+00   1.7689580e+00  -9.0834435e-01  -7.5639406e-01  -4.9881427e-01   6.7749255e-01   2.9833818e-01   5.2945895e-02   5.0336376e-01  -2.8629749e+00  -1.9472108e-01
   2.0000000e+00  -3.6255964e-01   6.8657625e-01  -4.4328114e-01   1.5438620e+00   1.3691470e+00   1.3000800e-01  -1.6135035e+00   1.7800832e+00  -1.9256548e+00   7.1269162e-01
   2.0000000e+00   1.9445560e-01   9.8517160e-02   1.9839446e+00   2.6777854e-01   4.9630193e-01  -8.5298064e-02   1.1668982e+00  -3.7101695e-01   2.5376884e-01  -7.1025640e-01
   2.0000000e+00  -1.2249362e-01   4.7001651e-01   3.5465229e-01   6.8328130e-01  -3.6494194e-01   7.9843137e-01   1.1033254e-01   7.4991710e-01  -1.3731226e+00   2.0485079e-01
   2.0000000e+00   1.1434662e-01   1.1246730e-01  -2.8125791e-01  -2.7845583e-01   6.2017693e-01  -5.0225596e-01   2.4606794e+00   1.6063325e+00  -9.4531564e-01  -8.7821143e-01
   1.0000000e+00   3.4160199e-01  -1.2555384e+00  -1.0450202e+00   8.2475333e-01  -3.7097127e-01   1.6197230e-01  -3.3729041e-01   7.1155746e-02  -5.0997719e-01   1.5199338e+00
   2.0000000e+00   1.1589397e+00  -1.0930528e+00  -2.4826781e+00   1.6916229e+00   5.7841099e-01  -2.2902143e-02  -1.3439522e+00   8.2470806e-01  -1.0249318e+00   1.4296209e-01
   2.0000000e+00   1.3605080e+00   2.8456633e-01  -6.2346179e-01  -8.8214471e-01   9.2412580e-01   7.7130049e-01   6.4316739e-01   4.7486883e-01   2.0666414e-01   1.9190249e+00
   2.0000000e+00  -1.3931570e+00   2.2321529e+00   1.3607542e+00  -9.3394791e-02   4.3577757e-01   1.2622149e+00   2.2017050e-01   4.9594990e-01  -1.1631447e+00   8.6342288e-01
   2.0000000e+00  -1.4215005e-01  -1.1968210e+00  -1.4206187e+00   1.8389649e+00   1.3342167e+00   5.7297178e-02  -8.6194399e-01   1.2858982e+00  -1.7702274e+00  -2.7953944e-01
   2.0000000e+00  -9.1652716e-01   3.4689546e-01  -3.3107991e-01   1.0440730e+00  -3.2361708e-01  -1.2099093e-01  -9.9045448e-01  -5.4968570e-01  -2.0236310e+00  -1.7463383e+00
   2.0000000e+00  -2.0458366e+00  -1.6036150e-01  -1.6137811e+00  -7.0186052e-01  -6.9529783e-01  -9.4797557e-01  -2.4979622e+00  -3.5114409e-02   2.0855081e+00   5.7622749e-01
   1.0000000e+00   6.4259391e-02   6.7969475e-01   6.2503002e-01   8.1791121e-01  -8.4127382e-01   4.1990542e-01   1.3805350e+00   6.7173872e-01   1.7574323e-01   1.0498913e-01
   2.0000000e+00  -2.0421969e+00  -6.0735181e-01  -1.4102745e+00  -8.5159557e-01  -2.6638843e-01   1.4761872e+00  -1.6706679e+00  -9.7460380e-01  -1.2355293e-01   4.8393389e-01
   1.0000000e+00  -7.8884117e-01  -6.9525784e-01   7.1855329e-02  -1.8659693e+00   1.2019940e-01   7.4100031e-02  -4.4429970e-01   5.1879800e-01   1.4062622e+00   3.0580576e-01
   2.0000000e+00  -1.3240434e+00   3.6312822e-01  -5.1735605e-01   6.0981016e-01   9.1635966e-01  -1.1587042e+00  -2.1128723e-01  -1.6029104e+00  -3.0686346e-02   3.9108932e-01
   2.0000000e+00  -5.2062572e-01   1.4026311e-01   3.9886352e-02   1.5766115e+00   4.4202491e-01   7.2668734e-01  -1.5932313e-01   9.6897015e-01   9.2637128e-02  -3.6505207e-01
   2.0000000e+00  -2.8698259e-01   1.9860272e-01  -1.7936222e+00  -3.3035082e-01  -1.2027998e+00   9.0868417e-01  -1.1842089e-01   7.6773960e-01  -7.1789125e-01  -2.4439785e+00
   2.0000000e+00  -1.2938506e-01   4.6386007e-01  -3.1534539e-01   1.5817705e+00  -8.9067177e-01  -1.2262146e+00  -9.9638834e-02  -1.7451484e+00   4.6993692e-01  -2.7484743e-01
   2.0000000e+00   1.2676174e-01   1.0272689e+00   9.7290174e-01  -1.0901093e+00   1.1297308e+00   1.7783901e+00   9.0685503e-01   2.8629938e-01   5.5920616e-01   3.0545457e-01
   2.0000000e+00  -3.0899930e-01   7.0120427e-01   1.4041332e+00  -8.4106538e-01  -6.1688371e-01   7.6442346e-01  -1.9004664e+00   1.1110656e+00  -7.0643562e-01   1.5439127e-01
   2.0000000e+00  -1.5632704e+00  -6.8541543e-01  -8.9620253e-01   8.8702295e-01  -6.6584402e-01   1.1765395e+00  -1.0321085e+00   3.7371316e-01  -5.6036775e-01   3.2587674e-01
   2.0000000e+00   1.1106044e+00   1.2433162e-01   2.9314464e-01  -1.5339243e+00   1.6318103e+00  -1.1651691e+00  -8.3602424e-01  -2.2132224e-01  -2.7069859e-01  -3.5565450e-01
   2.0000000e+00  -4.4126357e-01  -4.4821697e-01  -4.5196016e-01  -8.8569949e-02  -8.8710431e-01  -3.6171237e-01  -1.1349617e+00   7.9606714e-01  -1.4977631e+00  -5.8629501e-01
   2.0000000e+00   2.7005345e-01  -2.6276976e-01  -4.3906496e-01  -1.7298046e+00   8.7389356e-01  -1.3942983e+00  -1.5483799e+00  -1.1118842e+00  -1.6579743e-01   1.2247614e+00
   2.0000000e+00   2.3338398e-02  -2.5350407e-01   7.3074190e-01  -1.0583489e+00   1.5872417e-01  -9.7191034e-01   3.8027659e-01  -3.5025475e-01  -1.1712822e+00  -4.4457355e-01
   2.0000000e+00  -6.4611570e-01  -1.5895518e-02   8.0590080e-01   3.9800030e-01   2.5836591e-02  -8.8810536e-01  -1.2023646e+00  -7.2369398e-03   3.7760781e-01  -1.1278138e+00
   2.0000000e+00   7.9662679e-01   1.5943304e-01   2.3457214e-01   9.2452818e-01  -2.2036178e-02  -1.1738490e+00   1.3525050e+00   1.5589491e+00  -5.6653267e-01  -1.8857279e-01
   2.0000000e+00   1.3277262e-01   1.4863490e-01  -2.6174476e+00  -3.2936341e-01  -8.7461012e-02  -9.0925447e-01  -4.6869924e-01   1.1260002e+00  -2.1696631e+00   5.8334987e-01
   2.0000000e+00   1.5178943e+00  -4.8641191e-01   2.4174496e+00  -3.1966908e-01   7.9983231e-01   1.4030945e+00   5.0489333e-01   3.4713811e-01   1.4488459e+00   1.4073380e+00
   2.0000000e+00   9.4935252e-01   8.2911648e-01   1.4404352e+00   2.1894549e-01  -1.5760395e-01   7.4995465e-01  -9.3030621e-01   6.5415411e-01   9.9024120e-01   3.0563019e-01
   2.0000000e+00   1.9239227e+00  -3.6836534e-01  -5.7159134e-01   1.8937663e+00   1.2458085e+00  -1.9791445e-04  -2.2650895e+00  -1.2814274e+00  -5.1836225e-01   1.9702620e+00
   1.0000000e+00   1.6106099e+00  -1.1269335e-01   9.3544872e-02  -2.8764517e-01  -1.9501707e-01   3.7363518e-01  -1.5332994e+00  -2.3884828e-01  -4.2402387e-02  -1.0538092e+00
   2.0000000e+00   9.4102372e-02  -2.4392289e-02   7.8120954e-01  -6.7102812e-01   8.9024742e-01  -1.1374336e-01   1.2849469e+00  -1.8512773e+00  -1.0516661e+00  -2.9969636e-01
   2.0000000e+00   1.4221822e+00  -2.8757027e-01  -2.4834839e+00  -7.9860260e-01   7.8720265e-02  -3.8348333e-01   2.6235138e-01   1.0460617e+00  -1.2538097e+00   2.0341489e-01
   2.0000000e+00   4.8713131e-02   2.0935882e+00  -1.2572991e+00   7.1593276e-01   3.4809298e-01   4.5395270e-01   1.2229195e+00  -1.9659218e+00  -1.1454885e+00   1.5728463e-01
   2.0000000e+00  -1.1329910e+00  -1.7206848e+00  -1.7837238e+00  -3.4048457e-01   9.5942240e-01  -5.7457869e-01  -4.1338686e-02   4.8173670e-01   1.7081165e-02  -2.3334212e+00
   2.0000000e+00   3.0653634e-01  -2.6304222e-01  -5.4638468e-02   3.6244955e-01   6.9070871e-01   2.6030055e-01  -6.8907361e-02  -1.2001254e+00  -1.5300308e+00   1.2735693e+00
   2.0000000e+00   1.1169255e-01   2.1135880e-01  -1.6310666e+00   8.6234753e-02  -7.5382584e-01   6.8182814e-01   2.4191695e-02   1.0959476e+00  -8.0579326e-02  -1.6429952e+00
   2.0000000e+00  -1.4741707e+00  -1.1067051e+00   8.3711524e-01  -1.9166661e+00   1.2907177e+00  -2.0734326e+00  -6.8265772e-01   1.0492611e+00   1.4279802e+00   5.5655235e-01
   2.0000000e+00  -3.3779210e-01   3.5185646e-02   6.4871578e-01  -4.8641871e-01  -1.4212943e+00  -2.2165230e-01   4.3720423e-01   1.0683530e+00  -7.2668978e-01   1.2669263e+00
   2.0000000e+00   1.2449150e-01   1.3295378e+00  -1.0621106e+00  -6.1685028e-01  -4.5734537e-01   2.7557679e-01   1.5036690e+00  -1.1498928e+00  -5.8978176e-01   2.8977550e-01
   2.0000000e+00   1.8216184e-01   1.0700872e-01  -8.3591667e-01  -1.4454047e+00   1.7320516e+00   2.3858234e+00   1.7068636e+00   5.9107925e-01  -1.0863552e-02  -8.3004604e-01
   2.0000000e+00  -4.1367953e-01  -1.7018779e+00  -2.6263683e-01   1.4768792e-01   7.9370196e-01   8.0593781e-02   1.0696829e+00  -1.0177258e+00   1.7841254e+00   8.1249426e-02
   2.0000000e+00  -7.8444592e-01   7.0977001e-01  -1.0671844e+00  -1.1307767e+00   7.8810869e-01   1.4643015e+00   4.1999792e-01  -8.0731722e-02   1.3260803e+00  -4.5976184e-01
   2.0000000e+00   1.2347746e+00   1.9405767e+00   8.4965009e-01  -3.8811077e-02  -4.5891155e-01  -6.3260069e-01  -2.1609606e+00  -7.4122703e-01   1.9964980e-01   1.0265217e+00
   1.0000000e+00  -5.7700709e-01  -3.2389829e-01   1.6226537e-01  -5.7506367e-03   5.7599494e-01   6.7014914e-01  -5.1727671e-01  -3.0673087e-01   1.1761448e+00  -1.3996839e-01
   1.0000000e+00   1.4697623e+00  -1.5754617e+00  -1.3730162e+00  -4.8851629e-01   5.0237248e-01   5.1026610e-01  -1.7276460e+00  -3.8162231e-01  -1.0240338e+00   1.5581024e+00
   1.0000000e+00   1.5582266e-02   1.4113710e+00   1.0341930e+00   2.6693773e-01   2.6021142e-01   5.9106127e-01  -1.1004124e+00   1.0143678e-01   1.0277607e+00  -5.1229760e-01
   2.0000000e+00  -1.5519804e+00  -1.1746919e+00  -1.9868798e+00   1.1441133e-01  -6.8661254e-01   7.0107976e-01   1.8546624e+00   6.8422370e-01  -1.8532772e-01  -1.6314382e-01
   2.0000000e+00  -1.5161752e-01   7.7193736e-02  -1.4936193e+00  -1.6905583e+00  -6.6177003e-01  -6.9449978e-01  -1.1205009e+00   7.2995831e-01   8.2618846e-03   1.0429249e+00
   1.0000000e+00  -2.7447952e-01   1.1154996e+00  -1.8168197e-01   9.0432253e-01   4.2507460e-03   7.2499727e-02  -1.5324228e+00  -4.5913596e-01  -1.0956011e-01  -3.1183139e-01
